Primary-1	Primary-2	Primary-3	Primary-4	Primary-5	Primary-6	Primary-7	Primary-8	Primary-9	Primary-10	Primary-11	Primary-12	Primary-13	Primary-14	Primary-15	Primary-16	Primary-17	Primary-18	Primary-19	Primary-20	Primary-21	Primary-22	Primary-23	Primary-24	Primary-25	Primary-26	Primary-27	Primary-28	Primary-29	Primary-30	Primary-31	Primary-32	Primary-33	Primary-34	Primary-35	Primary-36	Primary-37	Primary-38	Primary-39	Primary-40	Primary-41	Primary-42	Primary-43	Primary-44	Primary-45	Primary-46	Primary-47	Primary-48	Primary-49	Primary-50	Primary-51	Primary-52	Primary-53	Primary-54	Primary-55	Primary-56	Primary-57	Primary-58	Primary-59	Primary-60	Primary-61	Primary-62	Primary-63	Primary-64	Primary-65	Primary-66	Primary-67	Primary-68	Primary-69	Primary-70	Primary-71	Primary-72	Primary-73	Primary-74	Primary-75	Primary-76	Primary-77	Primary-78	Primary-79	Primary-80	Primary-81	Primary-82	Primary-83	Primary-84	Primary-85	Primary-86	Primary-87	Primary-88	Primary-89	Primary-90	Primary-91	Primary-92	Primary-93	Primary-94	Primary-95	Primary-96	Primary-97	Primary-98	Primary-99	Primary-100
SBS1	4.526567	0	0	1.243938	15.682107	0	0	5.71527	17.708665	0	0	0	0.724178	0	9.134559	3.528736	5.917151	37.717457	9.045951	6.55082	0.010613	0	0	4.389874	3.829575	0	0	0	0.063311	12.31218	7.707183	0	2.800576	14.00721	0	1.19704	0	0.558064	11.481207	2.299027	160.505632	13.619005	3.018267	19.566236	1.843318	0	0	3.23758	1.903423	36.929485	0	14.620512	0	9.479754	30.311301	6.310766	4.899221	0.933945	0	1.252167	0.024021	1.567193	1.009986	0	2.814053	13.255825	3.421657	0	3.16672	0.860687	4.501846	0	2.254429	0	0	20.306935	5.217858	18.189825	5.358119	4.503572	1.236062	3.466354	1.134336	0	0	1.118497	0	36.83645	5.247922	9.792606	0.939281	5.112875	6.059475	0	8.328332	2.937507	0	0	0	6.251191
SBS2	0.094322	0	2.112035	0	0	0.65094	0	0	0	0.314062	0	0	0	0	0.20539	0	2.083229	0	0	8.151782	0.186986	0	0	1.744521	0	0	0	0	0.365416	0.163138	0.683905	0	0.641182	0	0	0	0	0	0	2.111438	0	0	0	0.698699	0	1.504126	0	0	0	0	0	2.370488	0	0	0	0	0	0	0	0	0	0	0.170723	0	0	0.215928	0	1.008998	0	1.944117	0.242317	0	1.991903	0	0	0	0	0	1.741316	1.158939	2.40537	0	0	0	0	0	0	15.108243	0.569349	0	2.375162	0	1.233728	0	0	0	0	0	0	0
SBS3	0	0	0	0	0	0	0	0	0	0	0	0	0	0	0	0	0	0	0	0	0	0	0	0	0	5.813247	0	0	0	0	0	0	0	0	0	0	0	0	0	0	0	0	0	0	0	0	0	0	0	0	0	0	0	0	0	1.267101	0	0	0	0	0	0	0	0	1.826966	0	0	0	0	0	0	0	0	0	0	0	0	0	0	0	0	0	0	0	0	0	0	0	0	0	0	0	0	0	0	0	0	0	0	0
SBS4	0	0	0	0	0	0	0	0	0	0	0	0	0	0	0	0	0	0	0	0	0	0	0	0	0	0	0	0	0	0	0	0	0	0	0	0	0	0	0	0	0	0	0	0	0	0	0	0	0	0	0	0	0	0	0	0	0	0	0	0	0	0	0	0	4.592964	0	0	4.905148	0	0	0	0	0	0	0	0	0	0	0	0	0	0	0	0	0	0	0	0	0	0	0	0	0	0	0	0	0	0	0	0
SBS5	0	0	0	0	0	0	0	0	0	0	0	0	0	0	0	0	0	0	0	0	0	0	0	0	0	0	0	0	0	0	0	0	0	0	0	0	0	0	0	0	0	0	0	0	0	0	0	0	0	0	0	0	0	0	0	0	0	0	0	0	0	0	0	0	0	0	0	0	0	0	0	0	0	0	0	0	0	0	0	0	0	0	0	0	0	0	0	0	0	0	0	0	0	0	0	0	0	0	0	0
SBS6	2.273243	0	0	0	5.194684	7.046084	3.29961	0	0	0	0	0	2.806486	0	0	3.179591	0	1.971606	0	6.207219	1.73305	0	0	11.367398	0	4.500609	4.688837	0	0	9.707341	0	0	0	0	0.257202	7.463895	5.94896	0	0	0	271.241934	0	0	6.284405	0	0	0	0	0.869896	0	14.099477	0	0	0	13.789338	0	0	0	1.199804	10.133704	0	3.71201	0	0	1.749061	0	9.339541	0	0	0	0.030046	4.215089	0.123441	0	1.076939	0	0	0	0	4.806079	0	0	2.570463	0	0	0	0	0	0	0	3.21785	0.855272	0	0	0	0	0	0	4.212048	5.802967
SBS7a	2.618892	0	0	0	0	0	0	0	15.279715	0	0	0	0	0	0	0	0	0	0	8.112633	0	0	2.235352	0	0	0	2.835218	0.912162	0	0	0	0	0	0	0	14.038771	1.377567	0	0	0	7.564051	3.065974	0	0	2.914903	0	0	0	0.57804	0	0	0	0	0.061377	0	1.717049	0.905835	0	0	3.290042	4.203368	0	2.068111	0	0	0.964797	0	2.318919	0	0	0.858455	0	0.778013	0	1.171421	4.711527	0	0.67598	0	0	0	0	0	0	0	0	0	59.017678	0	3.76036	0	0.35109	3.345936	8.78133	3.909431	0	0	0	0	0
SBS7b	0	0	0	0	0	0	0	0	0	0	0	0	0	0	0	0	0	0	0	0	2.663684	0	0	0	0	3.623576	0	2.218104	0	2.125734	0	0	0	0	0	0	0	0	0	5.138244	11.852453	0	5.177179	3.420123	0	0	0	0	1.286324	7.653607	0	0	0.82209	0	0.515288	1.500735	0.259681	0	0	0	0	0	0	0	0	0	1.354887	0	0.743449	0	0	0	0	0	0.183124	0	0	4.198269	0	3.809159	0	0	0	0	0	0	0	0	0	0	0	0	0	1.998859	0.409137	0	0	0	0	0
SBS7c	0	0	0	0	0	0	0	0	3.005982	0	0	0	0	0	0	0	0	0	0	0	0	0.033173	0	0	8.470488	0	0	2.450598	0	1.636729	0	0	0	0.669954	0	1.295375	0	0	0	0	0	1.232033	0	0	0	0	0	0	0	0	0	0	0	0	0	0	0	0	0	0	0	1.90987	0	0	0	0	0	0	0	0	0	0.3365	0	0	0	0	0	0	0	1.744457	0	0	0	0	0	0	0	0	0	0	0	0	0.996141	0	0	0	0	0	0	1.173782
SBS7d	0	0	0	1.470448	2.737796	0	0	0	0	0	1.744174	0	0.883252	0	0	0	0.424373	0	0	0.632101	1.19377	0	1.162767	3.301455	0	0	0	0	0	0.645787	0.283966	3.680013	0	0.816576	0	0	1.198414	0	0	0	0	0.990184	0.264421	0	0	0	0	0	0	0	0	0	0	0	0	0	0	1.843073	0	0	0.804113	0	0	0	0	0	1.299786	0	0	0	0	0	0.511606	0	1.779942	0	0	0	0	0	1.79088	0	0	0	0	0	0	0	0	0	0	0	0	0	0	0	0	0	1.256233	0
SBS8	0	0	0	0	2.855526	0	0	0	0	0	0	0	0	0	0	0	0	0	0	0	0	0	0	0	0	0	0	0	0	4.026797	0	0	0	0	0	0	0	0	0	0	0	0	0	0	0	0	0	0	0	0	0	0	0	0	0	0	0	0	0	0	0	0	0	0	0	0	0	0.025078	0	6.12998	6.193436	0	0	0	0.221211	0.066741	0	0	0	0	0	0	0	0	0	0	0	0	0	0	0	0	0	0	0	0	0	0	0	0
SBS9	0	0	0	0	0	0	0	0	0	0	0	0	0	0	0	0	0	0	0	0	0	0	0	0	0	0	0	0	0	0	0	0	0	0	0	0	0	0	0	0	0	0	0	0	0	0	0	0	0	0	0	0	0	0	0	0	0	0.575806	0	0	0	0	0	0	0	0	0	0	0	0	0	0	0	0	0	0	0	0	0	0	0	0	0	0	0	0	0.021565	0	0	0	0	0	0	0	0	0	0	0	0	0
SBS10a	0	0	0	0	0	0	0	0.647998	0	0	0	0	0	0	0	0	0	0	0	1.459032	0	0	1.155571	0	0	1.841939	0	3.591724	0	0	0	0	0	0.539383	0	0	1.615497	0	0	0	0	0	0	0	0	0	0	0	0	0	0.267941	0	0	0	5.386786	0.840847	1.215686	0	0.765396	0	0	0	2.589358	0	0.005458	0.589215	0	0	0	0	0	0	0	0	0	2.336726	0	0	0.654143	0	0.950752	0	0	0	0	0	0	10.082002	1.714212	0	0	0	0	1.904508	0.833549	0	0.775414	0	0	0
SBS10b	0	0	0	0.772951	5.501664	1.905515	0	0	1.809123	0.905074	0	0	0.467549	0	0.85171	0	9.687793	3.287899	0.926288	0	3.14881	0	0.435722	0	1.7667	0	3.419366	0	9.310679	1.337328	0	0	1.885895	2.934388	0.873024	2.570575	5.148317	1.861287	2.463612	0.561879	72.298168	0	3.029657	6.756367	0	2.96061	0	0.541293	0	0	0.576808	0	0	3.85308	2.11719	0	0	0	2.416473	0.207739	0.383066	0.810927	0	0	0	0	3.441765	0	4.542962	0	0	0	0	0	0.08435	0	0	6.775606	1.426107	0	0.293793	0	0	0	0	1.022007	0	13.256329	0.159381	0	0	0.992218	0	0.80213	1.368851	0	0	0	0	0
SBS10c	0	0	0	0	0	0	0	0	0	0	0	0	0	0	0	0	0	0	0	0	0	0	0	0	0	0	0	0	0	0	0	0	0	0	0	0	0	0	0	0	0	0.268729	0	0	0	0	0	0	0	0	0	0	0	0	0	0	0	0	0	0	0	0	0	0	0	0	0	0	0	0	0	0	0	0	0	0	0	0	0	0	0	0	0	0	0	0	0	0	0	0	0	0	0	0	0	0	0	0	0	0
SBS10d	0	0	0	0	0	0	0	0	0	0	0	0	0	0	0	0	0	0	0	0	0	0	0	0	0.563896	0	0	0	0	0	0	0	0	0	0	0	0	0	0	0	0	1.802781	0	0.151524	0	0	0	0	0	0.896163	0	0	0	0	0	0	0	0	0	0	0	0	0	0	0	0	0	0	0	0	0	0	0	0	0	0	0	0	0	0	0	0	0	0	0	0	0	0	0	0	0	0	0	0	0	0	0	0	0	0
SBS11	0	0	0	0	0	0	0	0	0	0	0	0	0	0	0	0	0	0.645571	0	0	0	0.451934	0	0	0	0	0.802237	1.864205	0	0	0	0	0	0.47122	0	0	0	0	0	0	0	0	0	0	0	0	0.006232	0	0	0	0	0	0	0	0	0	0	0	0	0	0	0	0	0.316125	0	0	0	0	0	0	0	0	0	1.891235	0	0	0	0	0	0	0	0	0	0	0	0	0	0	0	0	0	0.646639	0	0	0	0	0	0	0	0
SBS12	0	0	0	0	0	0	0	0	0	0	0	0	0	0	0	8.641829	0	0	0	0	0	0	5.809663	0	0	0	0.98704	0	0	0	0	0	0	0	0	0	0	5.03261	0	0	0	0	0	0	0	0	0	0	0	0	0	0	0	0	0	0	0	0	0	0	2.736481	0	0	0	0	0	0	0	0.938629	20.793981	0	0	0	0	0	0	0	0	0	0	0	0	0	0	0	0	0	0	0	0	0	0	0	0	0	0	0	0	0	0
SBS13	1.12163	0	0.95657	0	0.265564	0.735935	0	0	10.945198	5.030846	0	0	0	0	0	0	3.309533	0.200748	0	4.714144	0	0	0.930967	0	0	0.737812	3.586458	0	1.600489	2.128212	0	0	1.207318	0	0	0	0	0	0	3.051381	0	2.208241	0.538795	4.648161	0.507634	1.388252	0	0	0	4.902714	0	0	0	3.728176	2.763012	0.685844	0	0	0	0	0	0	0.923249	0	0	0.678002	0	0	0	0.948998	0	2.225369	0.61254	0	0	0.514361	0	1.216205	0	0.902819	0	0	2.552999	1.016455	0	0.276389	0	23.16828	1.853738	0	0	0	1.938449	6.086738	1.039682	0	0	0	0.756371	0
SBS14	0	0	0	0	0	0	0	0	0	0.645635	0.247331	0	0	0	0	0	0	0	0	0	0	0	0	0	0	0	0	12.915317	0	0	0.174961	0	0	0	0	0.034406	0	0	0	1.401849	35.444824	0	0.932821	0	0	2.138648	0.28563	0	0	0	1.104879	0	3.365714	0	0	0.142247	0	0	0	0	1.71746	0	0	0	3.647473	2.193076	0	0	0	0	0	1.98704	0	0	0	0	0.986689	0	0.737294	0	0.812678	0.664246	0	0	0	0	0	7.349044	0	0	0	0	0	0	0	0	0	0	0	0
SBS15	0.783407	0	2.643257	4.417059	6.026253	0	0	0	7.446699	0.652735	2.028051	0	3.63257	0	14.065155	0.070068	22.090046	0	0	23.953405	0	0	2.379399	2.171927	0	0	0	2.022556	7.520587	13.270909	2.801226	3.319987	7.391196	0	2.685809	0	0	0	0	22.455122	529.853972	0	0	42.85388	11.906523	0	1.70881	2.078427	0	23.256853	0	12.051579	0	19.080881	13.956679	0	0	2.80847	0	0.796263	0.775637	0	0	0	0	0	2.721507	0	0	5.831149	0	4.688998	0	0	0	20.117148	0	11.190462	0	0	0	0	0	1.983545	0	0	0	56.447891	0	0	0	0	6.124745	0	0	2.783322	0	0	7.186782	0
SBS16	0	0	0	0.55401	2.447258	1.740183	0	0	0	0	0	0	0	0	0	5.930965	0	0	0.077133	6.456194	0	0	13.393993	0	2.369645	0	4.547166	2.919878	8.055996	0	0	0	0.532327	0	0	0	1.163729	4.508614	0	0	0	0.633108	0	0	0	12.57891	0	0	0	0	0	0	0	17.849221	0	9.021187	0	0	0	0	0.682394	0	0	0	0	0	0	3.415095	0	4.77868	0	0.419102	0.596037	0	0	1.814077	0	0	1.199852	0	0	0	0	0	0	0	0	0	0	1.010019	0	0	0	0	0	0	0	0	0	1.17572
SBS17a	0	0	0	0	0.488852	0	0	0	1.584675	0	0	0	0	0	0	0.475976	5.236196	3.066107	0	4.5556	0	0	0	4.439675	2.292251	0.422801	1.0737	0.605379	0	0	0.069893	0	2.202718	0	0.827594	3.514538	0	0.199756	0	0	6.249538	0	0	6.536154	0.091239	0	0	0	0	0	0	0	0	0.490709	0	0.943004	0.074472	0	0	0	0	0	0	0	0	0	1.197367	0	0	0.023835	0.720513	0	0	0.476289	0	0	0	0	0	1.252685	1.299834	0	0	0	0	0	0	0	0	0	0	0	0	0	1.072238	0.068591	0	0	0	0
SBS17b	0	0	0	1.012377	4.516851	0	0	0	1.4756	1.385199	0	0	0	0	0	0.074875	9.486419	0	1.306437	19.646022	0	0	0	0	0	0	1.277714	3.040478	0	2.875395	1.405368	0	0	0	0	10.542291	0	0	0	0.930557	0	0	0.663629	27.046635	2.413328	0	0	1.205058	0	2.795056	0	0	0	0	0	0	0	0	0	0	0	0	0	0	0	0	0	0	0	4.915465	0	0	1.493992	0	0	0	0	0	1.272479	0	0	0	0	0	0	0	0	28.168034	0	0	1.451053	1.056172	0	0	1.503055	0	0	0	1.217874	1.082345
SBS18	0	0	0	0	0	0	0	0	0	0	0	0	0.320806	0	0	0	0	0	0.16311	0	0	0	0	0	0	0	0	1.976974	0	0	0	0	0	0	0	0	0	0	0	0	0	0	0	2.459885	4.536739	0	0	0	0	0	0	0	0	0	0	0	0	0	0	0	0	0	0	0	0	0	0	0	0	0	0	0	0	0.155926	0	0	0	0	0	0	0	0	0	0	0	0	0	0	2.755726	0	0	0	0	0	0	0	2.637953	0	0	0
SBS19	0	0	1.822286	0	6.22852	0	0	3.030588	0	2.511736	0	0	0	0	0	0	0	0	0	0	0	0	5.276312	7.526014	0.386204	2.596273	0	1.60117	0	0	0.763141	0	0	0	0	0	0	0	0	0	0	0	9.578241	0	1.11346	0	0	0.936123	0	0	0.300477	0	0	0	0	1.209981	2.637719	0	0	0	1.888124	0	0	0	0	0	0	0	0	0.679821	0	0.576978	0	0	0	0	0	0	0	0	0	0	0	0	0	1.708423	0	0	0	0	0	0	0.631537	0	0	0	0	0	0.373901	0
SBS20	0	0	0.093203	0	0	0	0	0	0	7.203405	1.595108	0	0	0	0	0	0	0	0	0	0	0	0	0	3.686214	4.588355	0	1.795287	0	0	0	0	0	0	0	0	0	0	0	0	151.655953	0	1.191368	0	9.877568	0	0.883271	0	0	0	0	0	0	0	0	0	0	0	0	0	0	0	0	0	4.583199	0	0	0.823702	0	0	0	1.180227	0	0	0.245613	0	0	0	0	0	1.849024	0	0	0	0	0	0	0	0	0	0	0	0	0	0	0	0	0	0	0
SBS21	0	0	1.691536	0	0	0.467493	0	0	0	1.961568	0	0	1.446286	0	0	1.061997	0	0	0	2.209931	0.641131	0	2.822505	2.958642	2.100989	0	0	1.305685	0	0	0.637241	0	0	0	0	0.654524	2.523796	2.293602	0	0	240.77458	0.969184	0.762322	0	4.646324	0.369923	0	0	0.120969	0	0	0	0.105137	0	0	0	0	0	0	0	1.321141	0	0.806839	0	0	0	0	0.710194	0.135603	0	0.728813	0	0	0	0	0	0	0	0	0	0	0	0.780801	0	0	0	0	10.670951	0	4.364892	0	0.428999	0	0	0	0	0	0	0	0
SBS22	0	0	0.665085	0	4.264464	0	0	0	0	0.743472	0	0	0.249182	0	0	0	0	0	0	0	0	0	1.046826	0	0	0.200342	2.399437	27.682927	0	0	0	0	0	0	0	0	5.349037	1.371581	0	0	0	0	0	2.175743	0.312269	4.527473	0	2.500209	0	0	0	0	1.260377	0	0	0.622449	0	0	0	6.50021	0.818795	0	0	0	0.188471	0	0	0	0	15.720327	0	0	0	0.0351	0	2.195528	0	0	0	0.343535	0.3605	0	0	0	0	0	0	0	0	0	0	0	0	0	0	0	0	0	0	1.64345
SBS23	0	0	0	2.181024	0	0	0	0	0	1.070496	0	0	0	0	0	0.310203	0	0	0	0	0	0	0	0	0	0	0	0	0	0	0	0	0	0	0	0	0	0	0	0	0	0	0	0	0	0	0	0	0	0	0	0	0	0	0	0	0	0	0	0	0	0	0	0	0	0	0	0	0	0	0	0	0	1.770116	0	0	0	0	0	0	0	0.86581	0	0	0	0	0	0	0	0	0	0	0	0	2.396761	0	0	0	0	0
SBS24	0	0	0	0	0	3.36132	0	0	0	0	0	0	0	0	0	8.276244	0	2.850461	0	0	0.820347	0	12.890812	0.00959	6.38963	18.770227	8.89754	0	1.268224	14.015574	0	0	2.955582	0	0.47625	1.553078	0	0	0	0	0	0	8.119023	0	0	8.15206	0	0	0	1.932497	3.819094	0.59507	0	0	0	0	0	2.549889	0	0	1.414338	0	0	0	0	0	0.20626	0	1.757367	2.329279	0	0	0	0	0	0	0.709298	0	0	0	1.842887	0	0	0	0	0	0	0	0.431654	0	0	0	0	0	1.781553	0	0	0	0	0
SBS25	0	0	0	0	0	0	0	0	0	0	0	0	0	0	0	0	0	0	3.271879	0	0	0	0	0	0	0	0	0	0	0	0	0	0	0	0	0	0	0	0	0	0	0	0	0	0	5.876154	0	0	0	0	0	0	0	0	0	0	0	0	0	0	0	0	0	0	0	0	0	0	0	1.364736	0	0	0	0	0	0	0	0	0	0	0	0	0	0	0	0	0	0	0	0	0	0	0	0	0	0	0	0	0	0
SBS26	0	0	0	0	0	0	0	0	0	0	0	0	0	0	0	0	0	0	0	0	0	0	0	0	0	0	0	0	0	0	0	0	0	0	0	0	2.571688	3.012945	0	0	0	0	0	0	0	0	0	0	0	0	0	0	0	0	0	0	0	0	0	0	0	0	0	0	0	0	0	0	0	0	0	0	0	0	0	0	0	0	0	0	0	0	0	0	0	0	0	0	0	0	0	0	0	0	0	0	0	0	0	0
SBS27	0	0	0	1.174141	0	0	0	0	0	0	0	0	0.740749	0	0	0	0	0	0	0	1.357485	0	0	0	0	1.720156	0	0	0	0	0	0	0	0	0	0	0	0	0	0	0	0	0	0	0	0	0	0	0	2.055745	0	1.949522	0	0	0	0	0	0	0	0	0	0	0	0	0	1.714391	0	0	0.351624	0	0	0	0	0	0	0	0	0	0	0	0	0	0	0	0	0	0	0	1.180843	0	0	0	0	1.167228	0	0	0	0	0	0
SBS28	0	0	0	0	0	0	0	0	0	0	0	0	0	0	0	0	0	0	0	0	0	0.090681	0	1.220956	0	2.990976	0.84529	0	0	0	0	0	0	0	0	0	0	0	0	0	0	0	0	0	0	0.942452	0	1.140648	0	0	0	0	0	1.464849	0	1.212446	0	0	0	0	0	0	0	0	0	0.304289	0.778265	0	0	0	1.421262	1.487878	0.821575	0	0	1.075751	0	1.216067	0	0	0	0	0	0	0	0	0	0	1.207474	0	1.214507	0	0	0	0	0	0	0	0	0
SBS29	1.170757	0	0	0	0	0	0	0	0	0	0	0	0	0	0	0	0	0	1.65019	0	9.032951	0	0	0	2.136982	0	0	1.726277	0	2.817101	0	0	0	0	0	0	0	0	0	0	0	0	0	0	0	2.004428	0	0	0	0	0	0	0	0	0	0	0	0	0	0	0	0	1.124636	0	0	0	0	0	0	0	0	0	0	3.684681	0	0	0	0	0	0	0	0	0	0	0	0	0	0	0	0	0	0	2.210816	0	0	0	0	0	0	0
SBS30	0	0	0	0	0	0	0	0	0	0	0	0	0	0	0	0.528799	0	0	0.886181	0	2.906496	0	0	0	0.206579	0	0.195083	0	0	2.902817	0	0	0	3.735676	0	0	0	4.578976	0	0	0	0	0	0	0	0	0	0	0.21873	18.210189	6.819879	0	0.752213	0	0	0	0	0	0	0	0	0	0	0.178051	2.548978	1.815883	0	0	3.898933	0	1.106485	3.779652	0	0.501326	0	0.680444	0	0	1.775442	3.172942	0	0	0	0	0	0	0	0	0.26863	0	0	0	0	0	0	0	0	0	0	0
SBS31	0.990952	0	0	0	1.82872	0	0	0	0	0	0	0	0	0	0	0	0	0	0	0	2.76554	0	0	0	1.038629	0.612762	0	0	0	0.585439	0	0	0	0	0	0	0	0	0	0	0	0	6.59549	0	5.810688	0	0	0	0	7.040149	0	0	3.711916	0	0	0	0	0	0	0	0.139835	0	0	0	0	0	1.448125	0	0	4.414111	0	0	0	0	0	0	0	0	0	0	0	0.59523	0	0	0	0	0	0	0	0	0	0	7.194048	0	0	0	0	0	0	0
SBS32	0	0	0	0	0	0	0	0	0	3.402975	0	0	0	0	0	0.066312	0	0	0	0	0	1.318399	0	0	0	0	0	1.66138	0	0	0	0	0	3.290406	0	0	3.07149	0	1.055181	0	0	6.817352	0	2.785983	0	0	0.04816	0	0	2.481771	16.114941	0.988993	0	0	0	0.171041	0	3.985253	0	0	0	0	0.798117	0.814438	0	0	0	0	0	2.407237	1.220145	0	0	4.619285	0	1.29059	0	0	2.859051	0	0	0	0	0	1	0	0	0	0.278108	0	0	0	0	0	0	0	0	0.687846	0	0
SBS33	0	0	0	0	0.607059	0	0	0	0	0	0	0	1.534325	0	1.733388	0	0	0	0	0	0	0	0	0	0	0.908626	0	0	0	0.153625	0	0	0	0	0	0	0	0	0	0	0	0.810944	1.307474	0	0	2.198884	0	0	1.807593	0	0	0	0	0	0	0.947198	0	0	0	0	0	0	0.77483	0	0.120433	1.566346	0	0	0	0	1.956779	0	0	0	0	0	0	0	0	0	0	0	1.918604	0	0	0	0	6.206911	0.759453	0	0	0	0	0	0	0	0	0	0	0
SBS34	0	0	0	0	0	0	0	0	0.488841	0	0	0	0	0	0	1.094224	0.636031	0	0	0	0	0	0	0	0	0	0	0	0	0.0367	0	0	0	0	0	0	0	0	0	0	0	0.623935	1.555292	0	0	0	0	0	0	0	0	0	0	0	0	0	0	0	0	0	0	0	0	0	0	0	1.016647	1.109108	0.097181	0	0	0	0	2.414243	0	1.956924	0	0	0	0	0.97701	1.28433	0	0	0	0	0	0	0	0	0	0	2.352663	0	0	0	0	0	0	0
SBS35	0	0	0	0	0	0	0	0	3.315643	5.16856	0	0	0	0	0	0	0	0	0	0	3.517908	0	14.371341	0	0	0	0	0	0	0	0	0	0	0	0	0	0	0	0	0.398395	28.29885	0	0.060203	0	9.921386	1.610431	0	0	0	0	0	0	0	0	0	0	0	0	0	0	0	0	0	0	0	0.85098	0	0	0	0	0	0	0	0	0	0	0	0	0	0	0	0	0	0	0	0	0	0	0	0	0	0	0	0	0	0	0	0	0	0
SBS36	0	0	0	0	0	0	0	0	0	0	0	0	0	0	0	0	0	0	0	0	0	0	0	0	0	4.453932	0	0	0	0	0	0	0	0	0	0	0	0	0	0	0	0	0	0	0	1.545896	0	0	0	0	0	0	0	0	0	0	0	0	0	0	0	0	0	0	0	0	0	0	0	0	0	0	0	0	0	0	0	0	0	0	0	0	0	0	0	0	0	0	0	0	0	0	0	0	0	0	0	0	0	0
SBS37	0	0	0	0	0	0	0	0	0	0	0	0	0	0	0	0	0	0	0	0	0	0.105813	0	0	0	0	5.754522	0	0	0	0	0	0	0	0	0	0	2.893136	0	0	0	0	0	0	0	0.463908	0	0	0	0	0	0	0	0	0	0	0	0.238389	0	0	0	0	0	0	0	0	0	0	0	0	0	0	0	0	0	2.431669	0	0	1.917832	0	0	2.612856	0	0	0	0	0.103017	0	0	0	0	0	0	0	0	0	0	0	0	0
SBS38	0	0	2.016029	0	0	0	0	4.134305	0	0	0	0	0	0	0	0	0	0	0	0	0	0	0	0	0	0	0	0	0	0	1.993292	0	0	0	0	0	0	0	0	0	0	0.252843	0	0	0	0	1.297994	0	0	0	0	0	0	0	0	3.686133	0	0	0	0	0	0	0	0	0	0	0	0	0	0	0	1.170017	0	0	0	0	0	0	0	0	0	0	0	0	0	0	0	0	0	0	0	0	0	0	0	0	0	0	0	0
SBS39	2.293162	0	0	0	12.132348	0	0	0	0	0	0	0	0	0	0	0	0	0	0	0	13.838303	0	0	0	1.597003	0	0	7.590426	0	0	0	0	0	0	0	0	0	1.114401	0	0	0	0	0	0	0	5.337259	0	0	0	1.391698	0	0	0	0	0	2.283032	0	0	0	0	0	0	0	0	4.17188	0	0	7.469916	0	0	0	2.051547	4.048828	0	0	0	0	0	0.354075	0	0	2.195521	0	0	0	0	0	275.624939	0	0	0	0	0	0	0	0	0	0	0	0
SBS40	0	0	0	0	0	0	0	0	0	0	0	0	0	0	0	0	0	0	0	0	0	0	0	0	0	0	0	0	0	0	0	0	0	0	0	0	0	0	0	0	0	0	0	0	0	0	0	0	0	0	0	0	0	0	0	0	0	0	0	0	0	0	0	0	0	0	0	0	0	0	0	0	0	0	0	0	0	0	0	0	0	0	0	0	0	0	0	0	0	0	0	0	0	0	0	0	0	0	0	0
SBS41	0.120823	0	0	0	0	0	0	0	0	0	0	0	0	0	0	0	0	0	0	0	0	0	0	0	0	0	0	0	0	0	0	0	0	0	0	0	0	0	0	0	0	0	0	0	0	0	0	0	0	0	0	0	0	0	0	0	0	0	0	0	0	0	0	0	0	0	0	0	0	0	0	0	0	0	0	0	0	0	0	0	0	0	0	0	0	0	0	0	0	0	0	0	0	0	0	0	0	0	0	0
SBS42	0	0	0	0	0	0	0	0	0	0	0	0	0	0	0	0	0	0	0	0	0	0	0	0	0	0	0	0	0	0	0	0	1.660925	0	0	0	0	0	0	0	0	0	0	0	0	10.660785	0	0	0	0	0	0	0	0	0	0	0	0	0	0	0	0	0	0	0	0	0	7.613105	0	0	0.842055	0	0	0	0	0	0	0	0	0	0	0	0	0	0	0	0	0	0.180512	3.943804	0	2.548285	0	0.348398	0	0	0	0	0	0
SBS43	0.703336	0	0	0	0	0	0	0	0	0	0	0	0	0	0.658667	0	0	0	0	0	0	0	0	0	0	0	0.469049	0	0	0	0	0	0	0	0	0	0	0	0	0	2.279503	0	0	1.571634	0.155489	0	0	0	0	0.753714	0	0	0.085906	0	0	0	0.261295	0	0	0	0	0	0	0	0	0	0	0	0	4.123416	0	0	0	1.075721	0	0	0	0	0	0	0	0.286133	0	0	0	0	0.611443	45.755179	0.325768	0	0	1.130234	0.821674	0	0	0	0	0	0	0
SBS44	0	0	0	0	0	0	0	0	0	0	0	0	0	0	0	0	0	0	0	0	0	0	0	0	0	0	0	0	0	0	0	0	0	0	0	0	0	0	0	0	0	0	0	0	0	0.105693	0	0	0	0	0	0	0	0	0	0.909154	0	0	0	0	0	0	0	0.638751	0	0	0	0	0	0	0	0	0	0	0	0	0	0	0	0	0	0	0	0	0	0	0	0	3.556734	0	0	0	0	0	0	0	0	0	0	0
SBS45	0	0	0	0	0	0	0	0	0	0	0	0	0	0	0	0	0	0	0	0	0	0	0	0	0	0.08734	0	0	0	0	0	0	0	0	0	0	0	0	0	0	0	0	0	0	0	0	0	0.024918	0	0	0	0	0	0	0	0	0	0	0	0	0.235794	0	0	0	0	0.679199	0	0	0	0	0	0	0	0	0	0	0	0	0	0	0	0	0	0	0	0	0	0	0	0	0	0	0	1.038056	0	0	0	0	0	0
SBS46	0	0	0	0	0	0	0	0	0	0	0	0	0	0	0	0	0	0	0	0	0	0	0	0	0	0	0	0	0	0	5.479825	0	0	0	0	0	0	0	0	0	0	0	5.639103	2.10822	0	0	0	0	0	7.902884	0	0	0.858392	0	0	0.648197	0.675958	0	0	0	0	0	0	0	0	0	0	0	0	0	0	13.343292	0	0	0	9.311216	0	0	0	0	0	0	0	0	0	0	0	0	4.655531	0	0	0	0.391708	0	0	0	0	0	0	0
SBS47	0	0	0	0	0	0	0	0	0	0	0	0	0	0	0	0	0	0	0	0	0	0	0	0	0	0	0	0	0	0	0	0	0	0	0	0	0	0	0	0	0	0	0	0	0	0	0	0	0	0	0	0	0	0	0	0	0	0	0	0.815005	0	0	0	0	0	0	0	0	0	0	0	0	0	0	0	0	0	0	0	0	0	0	0	0	0	0	0.108649	9.490798	0	0	0	0	0	0	0	0	0	0	0	0
SBS48	0	0	0	0	0	0	0	0	0	0	0	0	0	0	0	0	0.890685	2.169856	0	0.907181	0	0	0	0	0	0.577431	0	0	0	0	0	0	0	0	0	0	0.992871	0	0	0.552079	0	0	1.046215	0	0	0.930111	0	0	0	0	0	0	0	0	0	0	0	0	0	0	1.210726	0	0	0	0	0	0	0	0	0	0	0	0	0	0	0	0	0	0.981142	0	0	0	0	0	0	0	0.00168	0	0	0	0	0.954701	0	0.785389	0	0	0	0	0	0
SBS49	0	0	0	0	0	0	0	0	0	0	0	0	0	0	0	0	0	0	0	0	0	0	0	0.333333	0	0	1.389196	0.856893	0	0	0	0	0	0	0	0	0.337822	0	0	0	0	0	0.425813	0	0	0	0	0	0	0	0	0	0	0	0	0	0	0	0	0	0.690568	0	0	0	0	0	0	0	1.180551	2.326805	0	0	0	0	0	0	0	0	0	0	0	0	0	0	0	0	0	0	0	0	0	0	0	0	0	0	0	0	0	0
SBS50	0	0	0	0	0	0	0	0	0.494625	0	0	0	0	0	0.9977	5.135916	1.52788	0	0	0	0	0	7.76919	1.169202	0	0	0.4473	0	0	1.111121	0	0	0	0	0.080712	5.151405	0	0.607813	0	2.968646	0	1.27487	0	0	0	0	0	0	0	0	0	0	2.426347	0	0	1.155341	0	0	0	1.357178	0	0	0.734151	0	1.039637	0.629646	0	4.570194	0	3.115702	0.956988	0	0	0	0	5.8655	1.596542	0	0	0	0	2.021892	0	0	0	0	0	8.775875	0	0	0	0	0	0	0	0	0	0	0.936344	0
SBS51	0	0	0	0	0	0	0	0	0	0	0	0	1.1824	0	0	0	0	0	0	2.088309	0	0	0	0	0	0	2.668846	0	0	3.535011	0	0	0	0	8.15604	0	0	0	0	0	0	0	0	0	0	3.538083	0	0.392922	0	0	0	0	0	0	0	0	0	0	0	2.927938	0.465491	0	0	0	4.207239	0	0	0	1.595966	0	0.597406	0	0.904806	0	1.921809	14.59544	0	0	0	0	0.887456	0	0	0	0	0	0	0	0	0	0	0	0	0	0	0	0.586633	0	2.51757	0
SBS52	0	0	0	1.050488	0	0	0	0.974962	0	0.530276	1.465278	0	0	0	0.609698	0.659126	0	0	0	0	0	0	0	0	6.343696	0	0	0	0	0	0	0	1.030462	0	0	0	0	1.033117	0	0	0	0	0	1.557928	2.775273	0	0	0	1.498322	0.541291	0	0	0	0	0	0	0	0	0	3.089558	0	0	0	0	0	0	1.407011	0	1.364318	0	0	0	0	1.053114	0	0	0	0	0	0	0	0	1.064967	0	0	0	0	0	0	1.677145	1.298066	0	0	0	0	0	0	0	0	0
SBS53	0	0	0	0	0	0	0	0	0	0	0	0	1.399314	0	0	0	0	0	0	0	0	0	3.166376	0	0	0	0.259553	0	0	0	0	0	0	0	1.643369	0	1.854844	0	0	0	0	0.636974	0	0	0	0	1.040002	0	0	0	0	0	0	3.698615	0	0.726248	2.494571	0	0	0.602568	4.950692	0	0	0	0	1.889999	0	0	0	0	1.106772	0	0	0.083249	0	1.093008	0	0	1.950329	0	0	0	0	0	0	0	0	0	1.109987	0	0	1.564027	0.152191	0	0	0	0	0	0	0
SBS54	1.626876	0	0	0	4.281507	1.110811	0	0	4.03821	1.367443	0.920058	0.899618	0.276174	0	0.130128	4.965138	4.421953	0	0	1.711828	0	0	0.792386	0	0	6.136019	4.392941	0	4.08192	2.011956	0	0	2.128192	0	0	0	2.997588	2.52288	0	0	166.916517	0	2.276061	0	0	0	0	0	0.100426	8.611915	0	0	0	0	0	0	0	1.719266	0.977834	2.360872	4.928184	0	0	0	0	0	0	0	3.226696	0.291672	0	0	0	1.616401	5.001533	0	0	2.898684	2.450283	0	0.941915	5.065354	0.159906	0	0	0.752312	0	4.904284	0	0.632971	0	6.10908	2.717325	2.982069	1.647013	0	0	0	1.21845	2.035043
SBS55	0	0	0	0	0	0	0	0	0	0.106518	0	0	0	0	0	0	0.810256	0	0.581923	0	0	0	0	1.135418	0	0.139535	0	1.26258	0	0	0	0	0	0.332216	0	0	0	0	0	0	0	0.094816	0	0	0	2.04137	0.298725	0	0	0	0	0.77729	0	0	0	0	0	0.151087	0	0	0	0	0	0	0	0	0	0	0	0	0	0	0	0	0	0.651193	0	0	0	0	0	0	0	0	0	0	0	0	0	0.097334	0	0	0	0	0.723757	0	0	0	0	0
SBS56	0	0	0	0	0	0	0	0.496875	0	0	0	0	0	0	0	0	0	0	0	0	0	0	0	0	0	0	0	0	0	0	0	0	0	0	0	3.565231	0	0	0	0	0	0	0	0	1.659698	0	0	0	0	0	0	0	0	0	0	0	0	0	0	0	0	0	0	0	0	0	0	0	0	0	0	0	0	0	0	0	0	0	0	0	0	0	0	0	0	0	0	0	0	0	0	0	0	0	0	0	0	0	0	0
SBS57	0	0	0	0	0	0	0	0	0	0	0	0	0	0	0	0	0	0	0	0	0	0	0	0	0	0	0	0	0	0	0	0	0	0	0	0	0	0	0	0	0	0	0	0	0	0	0	0	0	0	0	0	0	0	0	0	0	0	0	0	0	0	0	0	0	0	0	0	0	0	0	0	0	0	0	0	0	0	0	0	1.109548	0	0	0	0	1.438453	0	0	1.169011	0	0	0	0	0	0	0	0	0	0	0
SBS58	0	0	0	0	0	0	0	0	0	0	0	0	0	0	0	0	0	0	0	1.177998	0	0	0	1.398848	0	1.124823	0	0	0	0	0	0	0	0	0	0	0	0	0	0	0	0	0	15.117624	0	0	0	0	0	0	0	0	0	0	0	0	0	0	0	0	0	0	0	0	0	0	0	0	0	0	0	0	0	0	0	0	0	0	0	2.157992	0	0	0	0	0	0	0	0	0	0	0	0	0	0	0	0	0	0	0	0
SBS59	0	0	0	2.942967	2.577334	0	0	0	1.409318	0	0	1.325722	0	0	0	0	0.812437	1.544694	1.655486	0.287549	2.102539	0	0	0	0	2.542081	0	0	0	0	0	0	1.184078	0	0	0	0	0	0	0.628529	0	1.655428	0.893504	4.618223	1.600221	0	0	1.422637	0	2.46069	1.110846	0	0.815893	0	3.989127	0	0	0	0	1.59302	0	0	0	0	0	0	0	0	0	0	0	0	1.359146	0	0	1.029033	0	0.647497	0	0	0	0	0	0	0	0	0	0.58192	0	0	1.327269	0	0	0	0	0	0	0	0	0
SBS60	0	1	0	0	0	0	0	0	0	0	0	0	0	0	0	0	0.666017	0	0	0.185832	0	0	0.360818	0	0	0	0	0	0	0	0	0	2.771491	0.871209	0	0	0	1.209879	0	0	0	1.047747	0	0	0	0	0	0	0	0	0	0.819027	0	0	0	0	0	0	0	0	0	0	0	0	0	0	0	1.030543	0	0	0	0	0	0	0	0	0	0	0	0	0	0	0	0	0	0	0	0	0	0	0	0.804124	0	0	0	0	0	0	0	0
SBS84	0	0	0	0	2.731338	1.040129	0	0	0	0	0	0	0	0	0	0	0	0	0	0	0	0	0	0	0	0	0	0	0	0	0	0	0	0	0	0	0	0	0	0	0	0	0	0	0	0	0	0	0	0	0	0	0	0	0	0	0	0	0	0	0	0	0	0.052634	0	1.596741	0	0	0	0	0	0	0	0	1.29354	0	0.381213	0	0	0	0	0.942275	0	0	0	0.401522	0	171.814735	4.052361	2.634362	0	0	0	0.100859	0	0	0	0	0	0
SBS85	0	0	0	0	0	0	0	0	0	0	0	0	0.473048	0	0	0	0	0	0	0	0	0	0	0	0	0	0	0	0	0	0	0	0	0	0	0	0	0	0	0	0	0	0	0	0	0	0	0	0	0	0	0	0	0	0	0	0	0	0	0	0	0	0	0	0	0	0	0	0	0	0	0	0	0	0	0	0	0	0	0	0	0	0	0	0	0	0	0	0	0	0	0	0	0	0	0	0	0	0	0
SBS86	0.655449	0	0	0	0.362571	0	0	0	0.540021	0	0	0	0	0	0	0	0	0	0	2.492737	6.793835	0	0	0	2.727794	0	0	0	3.475256	0	0	0	0	0	0	0	6.271763	0	0	0.38481	9.564648	0	0	2.223906	14.698917	1.847081	0.431175	0	0	0	0	0.189096	0	1.293338	0	0	0	0.889381	0	0	0	0	0	0	2.504187	2.200449	1.170063	0	0	0	0	0	0	2.579478	0	0.105298	0	0	0	0	0	0	1.795985	0	0	3.282398	0	37.080945	0	0	0	0	1.408245	1.862917	0	0	0	0	0	0
SBS87	2.020585	0	0	0	7.269585	6.941589	1.622053	0	7.457687	0	0	0.77466	3.863681	1	12.003108	0	0	11.545601	2.921463	43.499685	7.286553	0	0	17.833147	3.093725	12.611137	5.812744	0	0.258122	22.040739	0	0	2.608059	10.331762	0	30.418871	14.576617	6.294178	0	22.118044	101.499375	17.995852	4.947319	15.418669	17.215024	3.277462	0	2.520184	6.616276	0	15.435185	6.490205	0	0	28.171279	0	3.575562	0.30544	6.640493	8.073737	0	0	0	0	0	0.855234	1.197118	0	0	0	1.516681	7.095921	13.503683	4.189996	9.020517	0	0.108401	9.991406	0.214952	7.147821	2.242291	0	3.449101	0	0	0	0.013546	34.659514	0	2.086508	6.176811	8.446284	5.421318	7.922989	11.2196	0	0	1.312154	4.324427	14.229074
SBS88	0	0	0	0	0	0	0.078337	0	0	0	0	0	0	0	0	0	0	0	0.513959	0	0	0	0	0	0	0	0	0	0	0	0	0	0	0	0	0	0	1.983877	0	0	0	0	6.977804	0	0	0	0	0	0	0	0	2.148218	0.796016	0	0	0	0	0	0	0	0	0	0	0	0	0	0	0	0	0	0	1.637683	0	0	0	0	0	0	0	0	0	0	0.572838	0	0	0	0	0	0	0	0	0	0	0.323283	0.767041	0	0	0	0	0.606427
SBS89	0	0	0	0	0	0	0	0	0	0	0	0	0	0	0	0	0	0	0	0	0	0	0	0	0	0	0	0	0	0	0	0	0	0	0	0	0	0	0	0	0	0	0	0	0	0	0	0	0	0	0	0	0	0	0	0	0	0	0	0	0	0	0	0	0	0	0	0	0	0	0	0	0	0	0	0	0	0	2.784383	0	0	0	0	0	0	0	0.140099	0	8.523606	0	0	0	0	0	0	0	0	0	0	0
SBS90	0	0	0	1.180598	0	0	0	0	0	0	0	0	0	0	0	0	0	0	0	0	0	0	0	0	0	0	0	0	0	0	0	0	0	0	0	0	0	0.460543	0	0	0	0	0	0	0	0	0	0	0	1.183581	1.350472	0	0	0	0	0	0	0	0	0	0	0	0	0	0	0	0	0	0	0	0	0	0	0.85384	0	0.850892	0	0	0	0	0	0	0	0	0	0	0	0	0	0	0	0	0	0	0	0.210579	0	0	0	0
SBS91	0	0	0	0	0	0	0	0	0	0	0	0	0	0	0.610497	0	0	0	0	0	0	0	0	0	0	0	0	0	0	1.45665	0	0	0	0	0	0	0	0.462741	0	0	0	0	0	0	0	0	0	0	0	0	0	0	0	0	0	0	0	0	0	0	0	0	0	0	0	0	0	0	0	0	0	0.804708	0	0	0	0	0	0	0.323202	0	0	0	0	0	0	0	0	0	0	0	0	0	0	0	0	0	0	0	0	0
SBS92	0	0	0	0	0	0	0	0	0	0	0	0	0	0	0	0	0	0	0	0	0	0	0	0	0	0	0	0	0	0	0	0	0	0	0	0	0	0	0	0	0	0	0	0	0	0	0	0	0	0	0	0	0	0	0	0	0	0	0	0	0	0	0	0	0	0	0	0	0	0	0	0	0	0	0	0	0	0	0	0	0	0	0	0	0	0	0	0	0	0	0	0	0	0	0	0	0	0	0	0
SBS93	0	0	0	0	0	0	0	0	0	0	0	0	0	0	0	0	0	0	0	0	0	0	0	0	0	0	0.250761	0	0	6.103715	0	0	0	0	0	0	0	0	0	0	0	0	0	0	0	0	0	0	0	0	0	0	0	0	0	0	0	0	0	0	2.609771	0	0	0	0	0	0	0	0	0	0	0	0	0	0	0	0	0	0	0	0	0	0	0	0	0	0	0	0	0	0	0	0	0	0	0	0	0	0	0
SBS94	0	0	0	0	0	0	0	0	0	0	0	0	0	0	0	0	0	0	0	0	0	0	0	0	0	0	0	0	0	0	0	0	0	0	0	0	0	0	0	0	0	0	0	0	0	0	0	0	0	0	0	0	0	0	0	0	0	0	0	0	0	0	0	0	0	0	0	0	0	0	0	0	0	0	0	0	0	0	0	0	0	0	0	0	0	0	0	0	0	0	0	0	0	0.895248	0	0	0	0	0	0
DBS1	0	0	0	0	0	0	0	0	1.1249	0	0	0	1	0	0	0	0	0	0	0	0	0	0	0	0	0	0	0	0	0	0	0	0	0	0	0	0	0	0	0	0	0	0	0	0.008733	0	0	0	0	0	0	0	0	0	0	0	0	0	0	0	0	0	0	0	0	0	0	0	0	0	0	0	0.013364	0	0	0	0	0	0	0	0	0	0	0	0	0	0	2.104143	0	0	0	0	0	0	0	0	0	0	0	0
DBS2	0	0	0	0	0	0	0	0	0	0	0	0	0	0	0.123208	0.182636	0	0	0	0.197155	0	0	1.299168	0	0	2.685894	0.002843	1.519061	0	0	0	0	0	0	0	0	0	0	0	0	0	0	0	0	1.357313	2	0	0	0	0	0	0	0	0	0	0	0	0	0	0	0.011243	0	0	0	0	0	0	0	0	2.796939	0	0	0.047497	0	0	0	0	0	0	0	0	0.026323	0	0	0	0	0	0	0	0	0	0	0	0	0	0	0	0	0	0
DBS3	0	0	0	0	0	1	0	0	1.8751	0	0	0	0	0	0	0.045973	0	0	0	0.142342	0	0	0.023786	0	0	0.034394	0	0.002285	0	0	0	0	0	0	0	0	0	0	0	0	0	0	0	0	0.04548	0	0	0	0	0	0	0	0	0	0	0	0	0	0	0	0	0	0	0	0	0	0	0	0	0.15049	0	0	0.044952	0	0	0	0	0	0	0	0	0.366076	0	0	0	0	0	0	0	0	0	0	0	0	0	0	0	0	0	0
DBS4	0	0	0	0	0	0	1	0	0	0	0	0	0	0	0	0.050295	0	0	0	0.062197	1.253945	0	0	0	0	0	0.084703	0.023114	0	0	0	0	0	0	0	0	1	0	0	0	1.449059	0	2	0	0.021419	0	0	0	0	0	0	0	0	0	0	1.214124	0	0	0	0	0.009737	0	0	0	0	1	0	0	0	0	1	1	0.014184	0	0	0	0	0	0	0	0	0.002118	0	0	0	0	0	0	0	0	0	0	0	0	0	0	0	0	0	0
DBS5	0	0	0	0	0	0	0	0	0	0	0	0	0	0	0.056967	0.006904	0	0	0	0.050701	0	0	0.677045	0	0	0.252764	0	0	0	0	0	0	0	0	0	0	0	0	0	0	0.078137	0	0	0	0.011999	0	0	0	0	0	0	0	0	0	0	0	0	0	0	0	0.072091	0	0	0	0	0	0	0	0	0.784885	0	0	0.021424	0	0	0	0	0	0	0	0	0.046059	0	0	0	0	0	0	0	0	0	0	0	0	0	0	0	0	0	0
DBS6	0	0	0	0	0	0	0	0	0	0	0	0	0	0	0.406381	0	0	0	0	0.072839	0	0	0	0	0	0.008499	0.028825	0	0	0	0	0	0	0	0	0	0	0	0	0	0.209577	0	0	0	0	0	0	0	0	0	0	0	0	0	0	0	0	0	0	0	0.197801	0	0	0	0	0	0	0	0	0.186634	0	0	0.319127	0	0	0	0	0	0	0	0	0.066735	0	0	0	0	0	0	0	0	0	0	0	0	0	0	0	0	0	0
DBS7	0	0	0	0	0	0	0	0	0	0	0	0	0	0	0	0.000203	0	0	0	0.087872	0.131461	0	0	0	0	0.018449	0.629334	0	0	0	0	0	0	0	0	0	0	0	0	0	0.163754	0	0	0	0.374495	0	0	0	0	0	0	0	0	0	0	0	0	0	0	0	0.299963	0	0	0	0	0	0	0	0	0	0	0	0.101585	0	0	0	0	0	0	0	0	0.996825	0	0	0	0	0	0	0	0	0	0	0	0	0	0	0	0	0	0
DBS8	0	0	0	0	0	0	0	0	0	0	0	0	0	0	0	0.117481	0	0	0	0.124847	0	0	0	1	0	0	0	0.090324	0	0	0	0	0	0	0	0	0	0	0	0	0.036085	0	0	0	0	0	0	0	0	0	0	0	0	0	0	0	0	0	0	0	0	0	0	0	0	0	0	0	0	0	0	0	0	0	0	0	0	0	0	0	0	0	0	0	0	0	0	0	0	0	0	0	0	0	0	0	0	0	0	0
DBS9	0	0	0	0	1	0	0	0	0	0	0	0	0	0	0.413444	0.3277	0	0	0	0.737333	0.082852	0	0	0	0	0	0.221181	0.161529	0	0	0	0	0	0	0	0	0	0	0	0	0.021929	0	0	0	0.153177	0	0	0	0	0	0	0	0	0	0	0.32026	0	0	0	0	0.351886	1	0	0	0	0	0	0	0	0.081053	0	0	0.383085	0	0	0	0	0	0	0	0	0.376319	0	0	0	0	0	10.895857	0	0	0	0	0	0	0	0	0	0	0	1
DBS10	0	0	0	0	0	0	0	0	0	0	0	0	0	0	0	0.029508	0	0	0	0.017794	0.134196	0	0	0	0	0	0.033115	0.021438	0	0	0	0	0	0	0	0	0	0	0	0	0	0	0	0	0.027384	0	0	0	0	0	0	0	0	0	0	0	0	0	0	0	0.012299	0	0	0	0	0	0	0	0	0	0	0	0.051008	0	0	0	0	0	0	0	0	0	0	0	0	0	0	0	0	0	0	0	0	0	0	0	0	0	0	0
DBS11	0	0	0	0	0	0	0	0	0	0	0	0	0	0	0	0.2393	0	0	0	0.50692	0.397546	0	0	0	0	0	0	0.182248	0	0	0	0	0	0	0	0	0	0	0	0	0.041459	0	0	0	0	0	0	0	0	0	0	0	0	0	0	0.465616	0	0	0	0	0.044979	0	0	0	0	0	0	0	0	0	0	0	0.003773	0	0	0	0	0	0	0	0	0.119544	0	0	0	0	0	0	0	0	0	0	0	0	0	0	0	0	0	0
ID1	0	0	0	0	0	0	0	0	0	0	0	0	0	0.006321	0	0	0	0	0	0	0	0	0	0	0	0	0	0	0	0	0	0	0	0	0	0	0	0	0	0	0	0	0.010176	0	0	0	0	0.003856	0	0	0	0	0.01219	0	0	0	0	0	0.006321	0	0	0	0	0	0	0	0	0	0	0	0.003918	0	0	0	0	0.00322	0	0	0	0	0	0	0	0	0	0	0	0	0	0	0	0	0	0	0.011164	0	0.005538	0	0	0
ID2	0	0	0	0	1.001555	0	0.003812	0	1.995764	0	0	0	0	0	0	0	0	0	0	0.049797	0	0	0	0	0	0	0	0	0	0	0.003812	0	0	0	0	0	0	0	0	0	184.411457	0	0.030976	0	0	0	0	0.00955	0	1.150673	0	0	0.005074	0	0	0	0	0	0	0	0	0	0.003812	0	0	0	0	0	0	0	0.008875	0	0	0.001937	0	0.02235	0	0	0	0	0	0.003812	0	0	0	0	0	4.223685	0	0	0	0	0	0	0.020443	0	0.01617	0	0	0
ID3	0	0	1	0	3.238689	0	0.110039	0	6.050357	1	0	0	0	0	1.305805	0.978875	0	0.173741	0	0.052611	0	0	0	0	0	0	2.589715	3.162707	2.347617	0.095261	0.110039	0	0	0	0	0	0	2.429972	0	0.145034	8.482138	0	0.035499	0	0	0	0	0	0	0	0	0	0	2.880789	0	0	0	0	0	0	0	0	0.110039	0	3.997504	0	0.976599	0	0	0	0.000335	3.777929	0	0.009285	0	0	0	0	1.813851	0	0	0.110039	0	0	0	0	0	0.391123	1.328774	0	0	0	0	0	0	0	0	0	0	1.910935
ID4	0	0	0	0	1.545445	0	0.028304	0.132703	0	0	0	0	1.867774	0.010731	0.004069	0	0	2.285033	0.730024	1.595573	0	0	0	0	1.076517	0	0	0	0.033044	0	0.028304	0	0	0	0	0	0.626596	0	0.132703	0	24.61537	0	1.675697	1.34188	0	0	0	0.45743	0	1.55595	0.593229	0	0.795404	0	1.006515	0	1.225725	0	0.010731	0	0.054761	0	0.028304	0	0	0	0	0.522208	1.347626	3.591525	0.329879	0.143423	0	1.623511	0	0.871181	0	0.391054	0.500496	0	0	0.028304	0	0	0	0	0	7.420057	3.86809	0	0	0	0.94235	0	0.987138	0	0.283145	0	0	0.263686
ID5	0	0	0	0	0.75823	0	0	0	0	0	0	0	0	0	0	0	0	0	0	0	0	0	0	0	0	0	0.131494	2.036253	0.592626	0	0	0	1.163402	0	0	0	0	0	0	0	0	1.620004	0	0	0	0	0	0.062953	0	0	0	0	0.436177	0	0.501399	0	0	0	0	0	0	0	0	0	0.511552	0	0	0.128904	0.652374	0	0.095667	0	2.594854	0	0	0.016966	0	0	0	0	0	0	0	0	0	0	0	0	0	0	0	0	1.476748	0	0	0	0	0	0	0
ID6	0	0	0	0	0	2.496473	0.052187	0	1.295606	0	0	0	0	0.067549	0	0	1	0.053137	0	0.304957	7	0	0	0	1.451143	0	2.051547	0	1.486226	0.002677	0.052187	0	0	0	0	0	0.041733	0	0	1.70163	0	0	0.182413	6.358129	11.514326	0	0	0.046184	0	1.289097	0	0	0.097792	0	1.973911	0	0	0	0.067549	0	1.213573	0	0.052187	0	0	1.693473	0	0	0	0	0.11532	0	0	0.07199	0	1.030742	0	0.0057	0	0.426247	0	0.052187	0	0	0	1	0	12.560001	0.318256	1.407848	0	0	0	0	0.095621	0	0.059997	0	0	0
ID7	0	0	0	0	0	0	0	0	0	0	0	0	0	0	1.690126	0	0	0	0	0.228941	0	0	0	1	1.973236	0.678501	0.4128	0.125083	0.191363	0	0	0	0	0	0	0	0	0	0	0.681762	286.343795	0	0.20254	0	0	0.166136	0	0.037411	0	0	0	0	0.018511	0	0	0.176843	0.112267	0	0	0	0	0	0	0	0	0	0	0	0	0	0.027391	0	2.203281	0	0	0.073	0	0	0.092739	0	0	0	0	0	0	0	0	0	0	0	0	0	0	0	0.13194	0	0.085766	0	0	0.358674
ID8	1	0	0	0	0	1.503527	0	0	0.658274	0	0	0	0	0	0	0	0	0	0	0	0	0	4.696354	0	2.298614	0	1.886991	5.042475	0.063033	0	0	0	1.411249	0	1	0	1.694211	0	0	0	0	0	0	0	0	5.655634	0	0.015792	0	0	1.347532	1.224941	0.006909	0	1.165915	1.101354	1.778039	0	0	0	0	0	0	0	1.203436	0	0	0.109113	0	0	0	1.386549	0	0	0	0	0	0	0	1.573753	0	0	0	0	0	0	0	7.411601	0	0	1.309439	0	0	0	0	0	0.028779	0	1	1.368582
ID9	0	0	0	1	0	0	0	1.867297	0	0	0	0	0	0	0	0	0	0	2.064896	0	0	0	0	0	0	0	0	1.125651	0	0	0	0	0	0	0	0	1.894844	1.484568	1.867297	0	0	0.116021	0	0	0	0	0	0	0	0	0	0	0	0	0	0	0	0	0	0	0	0	0	0	0	0	0	2.521006	0	0	0	0	0.705539	0	0	0	0	0	0	0	0	0	0	0	0	0	0	1.096518	1.48488	1.592152	0	0	0.037785	1	0	0	0	0	0	0
ID10	0	0	0	0	0	0	0.162957	0	0	0	0	0	0	0.529354	0	0	0	0.232624	0	1.502481	0	0	0	0	0.521403	0	0.784307	0	0.011184	0.527068	0.162957	0	0	0	0	0	0.214157	0	0	0	1.885115	0.143845	0.507641	0	0	0.072915	0	0.205149	0	1.013994	0.059239	0	0.243655	0	1.145237	0	0.468334	0	0.529354	0	0	0	0.162957	0	0	0.074293	0	1.025883	0	0	0.015747	0.295255	0.304927	0.527069	0	0	0	0.553081	0	0	0	0.162957	0	0	0	0	0	1.882073	0	0	0.173137	0	0.519809	0	0.675474	0	0.115719	0	0	0
ID11	0	0	0	0	0	0	0	0	0	0	0	0	0	0	0	0	0	0	0	0	0	0	0	0	0	0	0	0	1.274906	1.671888	0	0.501723	0	0	0	0	0	0	0	0	12.021662	0	0	0	0	0	0	0	0	0	0	0	0	0	1.476686	0	0	0	0	0	0	0	0	0	0	0	0.221652	0	0	0	0	1.021408	0	0	0	0	0	0	0	0	0	0	0	0	0	0	0	6.716379	0	0	2.517424	1.370471	0	0	0	0	0	0	0	0
ID12	0	0	0	0	0	0	0.070354	0	0	0	0	0	0	0.182906	0	0	0	0.500646	0	0.371756	0	0	0	0	0	0	0.158548	0.159471	0	0	0.070354	0	0	0	0	0	0.175877	0	0	0	0	0.017858	0.126745	0	0	0	0	0.090273	0	0	0	0	0.126448	0	0.161202	0	0	0	0.182906	0	0	0	0.070354	0	0	0	0	0.524972	0	0	0.128972	0	0	0.187964	0	0.266048	0	0.102394	0	0	0	0.070354	0	0	0	0	0	0	0	0	0	0	0.023309	0	0.015573	0	0.12267	0	0	0
ID13	0	0	0	0	0	0	0.152043	0	0	0	0	0	0	0	0	0	0	0.290752	0	0.192547	0	0	3.303646	0	0	0	0.341973	0.880664	0	2.350664	0.152043	0	0	0	0	0	0	1.08546	0	0.152544	0	0	0.015656	0	0	0	0	0	1	0	0	0	0	0	0	1.721803	0.047498	0	0	0	1.731666	0	0.152043	0	0	0	1.582732	0	0	0.115034	0	0	0	0.153814	0	0.008241	0	1.908978	0	0	0	0.152043	0	0	0	0	0	1.435569	0	0	0	1.629529	0	0	0	0	0.016817	0	0	0
ID14	0	0	0	0	1.456081	0	0.079579	0	0	0	0	0	0	5.4e-05	0	0	0	3.508083	0	0.111373	0	0	0	0	1.415341	1.4707	0.151966	0	0	0.242058	0.079579	1.479227	0	0	0	0	0	0	0	1.819422	51.240463	0.084255	0.023855	0	4.485674	0.044917	0	0.010063	0	1.500125	0	0	0.003334	0	1.569135	0	0.03929	0	5.4e-05	0	0	0	0.079579	0	0	1.772672	0	0	0	0.049128	0.019087	1.422918	0.191399	0.071977	0	0.0271	0	0	1.592914	0	0	0.079579	0	0	0	0	0	3.333711	0	0	0	0	0	0	0	1	0.016965	0	0	0
ID15	0	0	0	0	0	0	0	0	0	0	0	0	0	0	0	0.021125	0	0	0	0	0	0	0	0	0	2.52345	0	0	0	0	0	0	0	0	0	0	0	0	0	0.069098	0	0	0	0.682082	0	0.926515	0	0	0	0	0	0.775059	0	0.119211	0	0	0	0	0	0	0	0	0	0	1.287508	1.070935	0	0	0	0	0.030017	1.952518	0	0	0	0.119686	0	0	0	0	2	0	0	0	0	0	0	3.529284	0	0	0	0	0	0	0	0	0.056991	0	0	0.098123
ID16	0	0	0	0	0	0	0.340725	0	0	0	0	0	0	0.049841	0	0	0	1.955984	0	0.589963	0	0	0	0	0.579161	1.327349	0.490659	0	0	0.110384	0.340725	0.01905	1.42535	0	0	0	0	0	0	0.430509	0	0.018017	0.188802	0	0	0	0	0.061339	0	1.490161	0	0	0.090012	0	0	0	0.328847	0	0.049841	0	0	0	0.340725	0	0	0.245493	0.219017	0	0	0.244313	0.077031	0	0	0.352452	0	0.201524	0	0.006466	0	0	0	0.340725	0	0	0	0	0	0	0	0	0	0	0	0	0.062649	0	0.126423	0	0	0
ID17	0	0	0	0	0	0	0	0	0	0	0	0	0.105171	0.044514	0	0	0	0	0	0	0	0	0	0	0	0	0	0	0	0	0	0	0	0	0	0	0.352583	0	0	0	0	0	0	0	0	1.133884	0	0	0	0	0	0	0.164495	0	0	0	0	0	0.044514	0	0	0	0	0	0	0.143134	0	0.167914	0	0	0.147761	0	0	0	0	0.359942	0	0.032327	0	0	0	0	0	0	0	0	0	0	0	0	0	0	0	0	0	0	0.065019	0	0	0
ID18	0	0	0	0	0	0	0	0	0	0	0	0	0.027055	0.108731	0	0	0	0	0.20508	0	0	0	0	0	2.684584	0	0	1.467697	0	0	0	0	0	0	0	1	0	0	0	0	0	0	0	2.617909	0	0	0	0	0	0	0	0	0	0	0	0	0	0	0.108731	0	0	0	0	0	0	0	0	0	0	0	0	0	0	0	0	0	0	0	0	0	0	0	0	0	0	0	0	0	0	0	0	0	0	0	0	0	0	0	0	0
